$jkbas
*
gd gd-dz-jkfit
*
1   s
5.8693609000e+07     1.0
1   s
1.3406971000e+07     1.0
1   s
3.7954544000e+06     1.0
1   s
1.1841213000e+06     1.0
1   s
4.0081176000e+05     1.0
1   s
1.4474195000e+05     1.0
1   s
5.5334627000e+04     1.0
1   s
2.2235451000e+04     1.0
1   s
9.3399612000e+03     1.0
1   s
4.0805062000e+03     1.0
1   s
1.8460642000e+03     1.0
1   s
8.6139893000e+02     1.0
1   s
4.1137742000e+02     1.0
1   s
1.8855668000e+02     1.0
1   s
9.4605311000e+01     1.0
1   s
4.8193729000e+01     1.0
1   s
2.2753901000e+01     1.0
1   s
1.1802602000e+01     1.0
1   s
5.1150131000e+00     1.0
1   s
2.5138521000e+00     1.0
1   s
7.7600620000e-01     1.0
1   s
3.5196390000e-01     1.0
1   s
6.6098840000e-02     1.0
1   s
2.6847888000e-02     1.0
1   p
2.2036596000e+06     1.0
1   p
3.1856690000e+05     1.0
1   p
6.6221320000e+04     1.0
1   p
1.7252937000e+04     1.0
1   p
5.3792552000e+03     1.0
1   p
1.9340056000e+03     1.0
1   p
7.7414665000e+02     1.0
1   p
3.3518548000e+02     1.0
1   p
1.5346590000e+02     1.0
1   p
7.2924615000e+01     1.0
1   p
3.4899784000e+01     1.0
1   p
1.7361751000e+01     1.0
1   p
8.4255410000e+00     1.0
1   p
4.1252493000e+00     1.0
1   p
1.9729167000e+00     1.0
1   p
7.8041885000e-01     1.0
1   p
3.1466658000e-01     1.0
1   p
7.0163255000e-02     1.0
1   p
2.5022811000e-02     1.0
1   d
3.7772818000e+03     1.0
1   d
1.0334476000e+03     1.0
1   d
3.8116929000e+02     1.0
1   d
1.6211324000e+02     1.0
1   d
7.4927457000e+01     1.0
1   d
3.6171851000e+01     1.0
1   d
1.7958864000e+01     1.0
1   d
8.8197013000e+00     1.0
1   d
4.2359436000e+00     1.0
1   d
1.9484333000e+00     1.0
1   d
7.6739782000e-01     1.0
1   d
2.6967249000e-01     1.0
1   d
8.4093315000e-02     1.0
1   f
1.2656224000e+02     1.0
1   f
4.2544704000e+01     1.0
1   f
1.6910142000e+01     1.0
1   f
7.2361160000e+00     1.0
1   f
3.0745591000e+00     1.0
1   f
1.2362552000e+00     1.0
1   f
4.3533887000e-01     1.0
1   f
1.0517145000e-01     1.0
1   g
1.2656224000e+02     1.0
1   g
4.2544704000e+01     1.0
1   g
1.6910142000e+01     1.0
1   g
7.2361160000e+00     1.0
1   g
3.0745591000e+00     1.0
1   g
1.2362552000e+00     1.0
1   g
4.3533887000e-01     1.0
1   g
1.0517145000e-01     1.0
1   h
1.2656224000e+02     1.0
1   h
4.2544704000e+01     1.0
1   h
1.6910142000e+01     1.0
1   h
7.2361160000e+00     1.0
1   h
3.0745591000e+00     1.0
1   h
1.2362552000e+00     1.0
1   h
4.3533887000e-01     1.0
1   h
1.0517145000e-01     1.0
1   i
1.2656224000e+02     1.0
1   i
4.2544704000e+01     1.0
1   i
1.6910142000e+01     1.0
1   i
7.2361160000e+00     1.0
1   i
3.0745591000e+00     1.0
1   i
1.2362552000e+00     1.0
1   i
4.3533887000e-01     1.0
1   i
1.0517145000e-01     1.0
*
$end
